179 381
209 347
368 295
292 343
183 312
442 213
506 229
251 351
131 466
93 434
406 213
248 319
261 354
110 408
63 440
223 372
216 296
517 136
312 323
380 213
334 263
504 216
517 219
281 381
377 254
343 250
372 251
160 363
315 282
555 155
318 273
257 303
103 412
428 275
135 404
95 440
401 294
485 181
535 200
99 404
394 214
23 413
362 256
155 405
156 383
377 251
169 316
392 185
161 310
297 320
202 388
90 443
569 182
357 209
99 402
557 196
256 358
239 291
319 255
469 227
178 385
62 415
139 367
519 189
225 340
426 215
127 401
451 234
134 370
316 282
516 172
383 247
34 380
427 259
124 393
131 432
314 198
491 234
173 407
513 189
541 169
87 376
316 287
520 178
338 287
120 392
472 265
567 227
404 203
245 284
138 346
536 114
68 418
512 272
379 306
331 300
269 352
151 333
376 242
193 384
328 273
183 355
359 229
323 293
151 349
474 204
399 221
146 399
245 383
370 217
227 298
327 319
393 256
495 211
208 345
335 325
287 330
271 303
35 410
368 313
126 362
401 239
560 210
522 210
516 104
368 270
131 452
118 406
318 317
305 245
483 175
138 401
198 392
25 412
151 399
233 357
308 283
438 278
422 213
182 385
72 462
49 414
550 181
508 141
174 368
409 167
42 440
191 430
148 332
456 210
310 336
227 331
334 254
229 364
376 221
424 229
219 374
319 316
418 283
156 322
53 425
479 154
174 362
444 242
131 337
322 300
215 337
77 411
397 344
306 322
112 428
224 298
572 271
169 367
91 361
245 377
48 405
397 204
114 393
481 198
492 213
152 445
240 313
124 434
211 316
464 220
524 147
177 327
136 386
436 210
519 201
65 377
312 280
533 171
111 365
285 293
523 165
78 436
443 220
460 170
426 269
196 331
421 167
359 266
117 447
181 378
538 172
165 401
464 137
354 297
532 166
362 264
536 184
64 374
458 198
291 317
496 189
294 328
198 350
260 335
178 376
92 419
509 136
274 282
307 331
331 266
118 389
140 410
338 213
170 417
173 369
67 447
184 341
219 328
132 455
451 205
455 243
259 302
206 393
541 227
190 309
250 270
116 423
228 366
471 216
136 340
391 253
502 148
292 324
481 176
390 266
215 287
133 366
457 170
254 325
473 268
489 172
303 263
335 271
447 215
245 308
414 272
151 367
452 255
269 368
287 394
83 407
544 156
530 182
365 269
329 240
274 317
80 419
509 223
369 325
578 229
201 370
533 172
543 154
411 138
224 356
371 204
552 192
444 289
53 407
377 258
455 210
581 225
442 227
432 273
194 332
568 224
545 147
61 400
564 187
73 447
413 243
306 291
452 238
127 449
205 345
409 208
326 318
247 303
488 221
152 305
288 311
263 289
136 425
236 308
61 432
220 305
394 324
567 171
87 391
431 180
513 146
488 194
377 224
534 154
427 226
286 200
426 261
471 296
400 223
122 384
262 309
182 354
101 385
387 233
55 422
355 204
132 375
230 356
493 186
121 415
529 106
52 447
191 412
442 238
343 275
345 326
490 195
316 267
217 400
136 410
212 331
528 213
169 408
245 370
554 164
145 409
134 355
268 311
505 191
320 306
269 317
54 436
514 237
172 333
66 408
450 163
542 190
259 338
520 135
89 402
420 260
106 423
509 191
178 307
366 286
510 162
529 150
371 263
160 350
138 366
42 447
278 300
532 215
400 240
31 380
59 449
462 228
532 150
357 256
262 386
281 284
62 440
68 408
141 431
207 383
150 354
346 286
489 201
444 121
80 434
122 440
226 355
471 195
143 368
447 185
531 207
223 348
460 197
412 216
480 206
161 438
494 189
144 421
209 286
99 398
355 239
44 448
375 234
275 336
255 309
61 439
325 276
130 383
158 377
378 251
191 351
263 265
91 403
495 221
539 223
159 388
396 256
514 210
532 188
111 443
244 291
269 325
213 355
67 416
529 126
434 258
159 411
118 401
532 110
360 272
292 272
409 233
461 158
543 193
312 283
392 252
426 276
524 208
135 384
381 226
475 198
286 305
444 229
248 245
176 329
286 294
310 277
560 216
146 382
86 400
165 396
525 203
532 202
396 196
389 247
461 239
491 245
478 257
66 437
44 403
102 377
341 299
209 396
177 401
493 200
383 293
410 270
534 168
520 183
331 249
296 304
166 366
285 322
470 186
272 336
164 362
513 234
322 325
336 271
201 336
418 216
393 260
279 347
71 423
387 259
327 235
551 224
194 276
353 290
254 338
44 407
559 205
301 346
186 428
578 221
337 290
380 239
75 381
489 154
134 423
563 225
464 281
85 458
309 315
29 424
325 302
340 264
318 298
212 324
437 232
218 346
532 106
396 230
220 385
409 214
164 378
290 258
341 344
128 370
175 342
337 246
195 403
467 255
430 250
99 423
427 260
374 289
165 353
392 280
251 278
462 221
405 205
197 374
331 231
162 339
235 326
336 318
388 256
223 303
529 152
31 378
305 263
137 403
440 300
318 319
99 401
266 284
334 311
62 439
508 108
152 366
43 410
174 384
208 342
350 296
332 300
277 288
235 304
166 360
220 340
57 422
339 367
468 187
65 387
542 161
504 211
499 186
556 253
155 395
443 236
171 374
71 408
499 192
321 235
120 386
214 278
116 382
274 243
262 322
426 266
571 195
214 333
468 206
545 257
429 200
149 298
221 384
237 297
446 190
218 318
48 434
14 343
454 222
506 197
71 495
359 256
325 258
239 337
215 371
338 265
197 385
322 288
514 229
297 314
124 470
444 226
163 380
368 249
445 229
317 248
450 207
359 303
113 361
119 363
206 323
151 345
507 192
240 348
132 333
557 190
295 361
247 380
109 350
189 371
459 270
507 234
82 449
512 197
100 415
379 210
271 349
46 415
87 445
506 181
189 376
478 244
104 434
35 437
412 198
119 458
202 351
462 266
242 354
130 389
128 405
227 305
423 259
412 268
395 235
375 200
235 332
354 257
476 264
192 342
83 396
277 327
551 202
467 176
355 285
321 271
401 270
409 257
514 202
477 285
536 187
184 371
430 172
423 211
117 353
173 421
173 372
241 288
245 359
47 421
407 226
343 303
310 330
525 176
429 246
350 206
202 374
538 161
353 267
74 424
334 373
52 457
249 350
520 173
320 312
78 345
520 176
278 323
245 321
115 419
112 396
169 399
456 202
198 327
183 397
554 212
408 251
298 298
438 203
208 418
470 185
451 211
550 151
370 287
447 179
304 270
78 441
86 447
454 224
416 209
173 328
511 186
102 342
273 316
181 415
375 239
410 278
32 385
234 348
67 476
350 307
412 231
70 477
206 401
542 135
196 419
209 335
276 292
171 342
151 365
284 311
280 337
77 442
425 240
222 330
321 330
387 198
135 370
381 302
552 179
314 261
183 390
131 418
505 121
506 191
351 226
384 259
429 261
214 385
96 424
204 335
103 351
522 177
379 250
522 134
387 231
452 298
406 215
262 265
244 376
564 191
381 190
201 353
210 372
279 303
371 195
359 285
116 452
206 315
533 183
85 418
431 218
327 251
471 168
321 322
73 391
172 345
570 214
115 405
283 365
523 257
188 378
289 287
425 246
282 326
244 269
101 414
445 260
375 244
245 339
330 325
503 234
231 324
413 222
517 203
362 284
228 301
475 206
374 218
356 291
478 164
371 205
418 236
56 409
355 287
282 290
385 236
199 373
331 238
425 217
204 346
484 237
49 457
237 344
157 381
447 259
273 302
561 172
298 261
211 397
76 405
330 298
547 183
434 228
558 199
153 398
358 172
415 222
295 356
477 247
458 189
150 383
514 156
164 383
284 312
404 242
259 301
217 356
256 332
269 252
472 133
52 408
515 198
519 202
78 367
119 368
448 267
253 298
144 362
518 136
311 345
546 126
462 263
335 316
126 359
110 383
101 331
73 492
123 343
473 169
552 163
165 357
71 478
246 338
455 260
456 226
473 289
34 424
444 164
487 155
355 188
428 277
327 346
241 316
341 302
211 354
41 444
214 349
523 183
349 320
474 179
129 438
150 358
94 419
123 392
221 352
329 193
402 234
482 290
367 279
386 287
436 194
109 430
567 177
130 416
212 346
281 259
460 203
324 306
241 311
109 357
296 277
484 223
366 307
217 350
188 315
357 240
118 428
305 285
409 259
358 261
97 427
556 181
141 354
265 286
90 399
465 211
62 403
379 216
447 196
141 386
223 358
349 228
421 230
463 237
432 196
267 279
470 228
245 312
173 378
290 335
468 234
475 218
361 248
48 403
242 337
139 418
487 201
234 377
115 390
205 377
409 248
58 387
450 217
214 366
77 472
289 269
319 304
423 291
225 404
375 267
154 387
228 334
450 187
289 316
465 209
173 389
174 351
124 394
82 442
41 422
171 346
530 100
291 294
92 411
277 251
476 284
490 156
296 320
106 413
336 283
461 263
373 262
490 189
349 190
398 277
313 256
346 257
390 256
550 211
259 316
436 269
533 166
485 222
211 345
